4 5 6 7 8 X axis
0.223700 0.191600 0.151500 0.136900 0.121700 No
0.073150 0.063400 0.049250 0.037250 0.035600 COCONUT
0.000000 0.000000 0.000000 0.000000 0.000000 CU
0.000000 0.000000 0.000000 0.000000 0.000000 Our

0.632869 0.477100 0.411500 0.354700 0.307500 
0.632869 0.477100 0.411500 0.354700 0.307500 
0.632869 0.477100 0.411500 0.354700 0.307500 
0.632869 0.477100 0.411500 0.354700 0.307500 
0.632869 0.477100 0.411500 0.354700 0.307500 
0.548600 0.433900 0.357800 0.311200 0.278611 
0.632869 0.477100 0.411500 0.354700 0.307500 
